00101100 //Codigo de barra
01110010
01010010
01101111
01101110
00100000
00100000
00100000
00001010
00001100 
00100000
00100000
00000101 //Lista previa 1
00110101
01000110
01110010
01100101
01110011
01100001
00100000
00000000
00000001
00000101 //Lista previa 2
00110101
01000001
01110010
01110010
01101111
01111010
00100000
00000100
00000110 
10011011 //Lista previa 3 Tablet
00110101
01010100
01100001
01100010 
01101100
01100101 
01110100
00110010
00001001
00000010 //Lista Previa 4 Leche
01101111
01001100 
01100101
01100011
01101000 
01100101
00100000
00011110
00001100 
00000101 //Lista previa 5 Jabon
00110101
01001010 
01100001
01100010
01101111
01101110
00100000
00001010
00000011 
01101111 //Lista previa 6 Camisa
01111010
01000011
01100001
01101101
01101001
01110011
01100001
01000110
00000101 //fin lp camisa
00100000
00100000
00101100 //L compras - ron
01110010
01010010
01101111
01101110
00100000
00100000
00100000
00001010
00001100
00000010 //L Compras 2 Leche
01101111
01001100 
01100101
01100011
01101000 
01100101
00100000
00011110
00001100 
00000101 //Lista compras 3 Jabon
00110101
01001010 
01100001
01100010
01101111
01101110
00100000
00001010
00000011 
01101111 //Lista de compras 4 Camisa
01111010
01000011
01100001
01101101
01101001
01110011
01100001
01000110
00000101 
10011011 //Lista de compras 5 Tablet
00110101
01010100
01100001
01100010 
01101100
01100101 
01110100
00110010
00001001
00000000 //Lista de compras 6
00000000
00100000
00100000
00100000
00100000
00100000
00000000
00000000
00000000 //
00100000
00100000
01111100 //Suma
